"","Scenario2","TotalCells","No","Yes"
"1","Amplified Extremes",641,330,311
"2","Baseline",676,351,325
"3","Drier",608,309,299
"4","Hotter",560,358,202
"5","Large Perturbations, drier/hotter",570,356,214
"6","Large Perturbations, extremes/hotter",578,386,192
"7","Large Perturbations, wetter/hotter",551,385,166
"8","Small Perturbations, drier/hotter",645,379,266
"9","Small Perturbations, extremes/hotter",648,382,266
"10","Small Perturbations, wetter/hotter",639,366,273
"11","Wetter",653,353,300
